0,273
0,270
3,2
3,1
3,3
10,210
10,298
10,184
10,182
10,102
10,246
10,196
11,16
11,12
8,15
8,8
8,13
8,16
8,2
8,3
48,4
48,3
48,2
48,1
48,0
47,4
47,3
47,2
47,1
47,0
46,4
46,3
46,2
46,1
46,0
44,5
44,4
44,3
44,2
44,1
44,0
42,3
42,2
42,1
42,0
41,5
41,4
41,3
41,2
41,1
41,0
38,5
38,4
38,3
38,2
38,1
38,0
36,5
36,4
36,3
36,2
36,1
32,4
32,3
32,1
24,3
24,1
20,3
20,2
20,1
19,3
19,2
19,1
12,3
12,2
12,1
11,28
11,26
11,24
11,22
11,21
11,20
11,19
11,15
11,11
11,9
11,8
11,5
11,4
11,3
11,2
11,1
10,314
10,266
10,256
10,226
18,1
10,204
10,202
10,190
10,186
18,3
10,168
10,134
14,1
10,128
10,112
14,3
